0 0 11000000 11000000
source 0 0 0 0
num sink 121
55 4598931 10415976 35.000000
44 3659192 10662802 35.000000
54 4304628 9273727 35.000000
53 4256604 8738614 35.000000
42 3509069 8749952 35.000000
43 3266788 9426808 35.000000
32 2712860 9722142 35.000000
33 2258319 10284125 35.000000
22 1626328 10642173 35.000000
11 443054 10711899 35.000000
21 1606622 9275666 35.000000
20 1733628 8640994 35.000000
10 545176 9270564 35.000000
9 518009 8667593 35.000000
110 9627669 10576884 35.000000
99 8475143 10534795 35.000000
88 7338925 10717580 35.000000
97 8255444 8296270 35.000000
96 8270566 7607367 35.000000
85 7435744 7712706 35.000000
98 8314455 9308312 35.000000
87 7589873 9516902 35.000000
86 7726153 8651740 35.000000
121 10690739 10376679 35.000000
120 10489315 9671339 35.000000
109 9734499 9479829 35.000000
119 10476053 8565826 35.000000
108 9630041 8607623 35.000000
118 10340765 7724436 35.000000
116 10436570 5315711 35.000000
115 10542905 4331167 35.000000
104 9526359 4707369 35.000000
114 10294760 3416876 35.000000
103 9659996 3267053 35.000000
105 9279021 5526504 35.000000
94 8631740 5495498 35.000000
107 9370528 7299344 35.000000
106 9614145 6633746 35.000000
95 8668359 6537266 35.000000
117 10662556 6708268 35.000000
111 10454565 373975 35.000000
100 9439953 535380 35.000000
113 10489896 2260654 35.000000
112 10626295 1460846 35.000000
101 9692207 1625549 35.000000
90 8655928 1372728 35.000000
89 8433860 267335 35.000000
102 9349915 2680047 35.000000
91 8680218 2637678 35.000000
19 1614256 7589797 35.000000
18 1385263 6724721 35.000000
29 2304851 6331380 35.000000
41 3391139 7630979 35.000000
30 2741453 7347066 35.000000
31 2692404 8432518 35.000000
8 394173 7738619 35.000000
14 1347161 2648901 35.000000
3 261732 2405588 35.000000
4 701213 3334174 35.000000
16 1606776 4436453 35.000000
15 1557745 3497190 35.000000
7 639090 6424544 35.000000
6 549643 5698487 35.000000
17 1509412 5455073 35.000000
5 520350 4683492 35.000000
38 3440091 4288536 35.000000
27 2428490 4260265 35.000000
39 3358306 5545531 35.000000
28 2510389 5477182 35.000000
36 3326640 2396378 35.000000
25 2662908 2586021 35.000000
37 3293387 3412768 35.000000
26 2591234 3352172 35.000000
58 5628357 2326793 35.000000
47 4678716 2682858 35.000000
60 5261376 4355910 35.000000
59 5287508 3354197 35.000000
48 4385629 3621532 35.000000
34 3451740 404263 35.000000
23 2642551 446789 35.000000
35 3254933 1432790 35.000000
24 2724243 1522215 35.000000
57 5272498 1615339 35.000000
56 5271745 668658 35.000000
46 4263612 1307161 35.000000
45 4435036 724388 35.000000
2 431240 1449166 35.000000
1 621510 687103 35.000000
13 1437887 1508993 35.000000
12 1487459 690590 35.000000
80 7630167 2519858 35.000000
69 6664678 2713594 35.000000
79 7638203 1494674 35.000000
68 6681914 1497531 35.000000
78 7426216 743050 35.000000
67 6456112 476894 35.000000
76 6646296 9637314 35.000000
75 6583535 8476929 35.000000
65 5544118 9595781 35.000000
64 5416266 8746488 35.000000
77 6261213 10474054 35.000000
66 5721614 10302877 35.000000
81 7321066 3475015 35.000000
70 6661294 3649102 35.000000
82 7323742 4647974 35.000000
71 6636866 4517355 35.000000
93 8481328 4445551 35.000000
92 8413055 3628307 35.000000
84 7400332 6393047 35.000000
83 7631386 5603430 35.000000
72 6524379 5268977 35.000000
74 6585343 7266617 35.000000
73 6358415 6722174 35.000000
63 5281151 7277862 35.000000
52 4707954 7457505 35.000000
62 5362260 6529674 35.000000
51 4344384 6372778 35.000000
40 3643122 6521175 35.000000
50 4609580 5724291 35.000000
49 4552294 4683099 35.000000
61 5353839 5358845 35.000000
num wirelib 2
0 0.000100 0.000200
1 0.000300 0.000160
num buflib 2
0 clkinv0.subckt 1 35.000000 80.000000 61.200000
1 clkinv1.subckt 1 35.000000 6.100000 440.000000
simulation vdd 1.0 1.2
limit slew 100
limit cap 118000
num blockage 0
