sourcenode 0 0
num node 460
1 3699971 5907969 
2 3699971 5939116 
296 3699971.0 6399301.0
297 3699971.0 6399301.0
294 3699971.0 7799302.0
295 3699971.0 7799302.0
292 3699971.0 9199303.0
293 3699971.0 9199303.0
380 4409509.0 5939116.0
381 4409509.0 5939116.0
378 5809510.0 5939116.0
379 5809510.0 5939116.0
376 7209511.0 5939116.0
377 7209511.0 5939116.0
374 8609512.0 5939116.0
375 8609512.0 5939116.0
372 9405667.0 5335270.0
373 9405667.0 5335270.0
370 9405667.0 3935269.0
371 9405667.0 3935269.0
3 3699971 9284955 
300 3699971.0 9438261.0
301 3699971.0 9438261.0
298 2520303.0 9658594.0
299 2520303.0 9658594.0
4 2324041 9658594 
310 2337399.0 9655471.0
311 2337399.0 9655471.0
328 1311786.0 9658594.0
329 1311786.0 9658594.0
5 3429390 9655471 
308 3381072.0 9655471.0
309 3381072.0 9655471.0
6 2324041 9658594 
306 2401073.0 9655471.0
307 2401073.0 9655471.0
7 3179257 9655471 
304 2817132.0 9655471.0
305 2817132.0 9655471.0
8 2324041 9658594 
302 2965013.0 9655471.0
303 2965013.0 9655471.0
9 3429390 9655471 
312 3968914.0 9652348.0
313 3968914.0 9652348.0
320 3317169.0 9655471.0
321 3317169.0 9655471.0
10 3968914 9652348 
314 3968914.0 10414275.0
315 3968914.0 10414275.0
316 3968914.0 9030183.0
317 3968914.0 9030183.0
11 4005649 10415976 
14 3968914 9030183 
15 4256604 9030183 
19 3104155 9688806 
20 3429390 9655471 
21 3187960 9655471 
22 3429390 9655471 
318 3376860.0 9655471.0
319 3376860.0 9655471.0
23 3104155 9688806 
26 1184406 9664841 
27 2324041 9658594 
326 2203549.0 9658594.0
327 2203549.0 9658594.0
28 1436735 9658594 
324 2069922.0 9658594.0
325 2069922.0 9658594.0
29 2324041 9658594 
322 1184406.0 9664841.0
323 1184406.0 9664841.0
30 1184406 9664841 
31 1184406 10284125 
330 1528338.0 10284125.0
331 1528338.0 10284125.0
332 1155589.0 10284125.0
333 1155589.0 10284125.0
32 1763300 10284125 
36 1146366 8955495 
334 1173633.0 8925161.0
335 1173633.0 8925161.0
336 1110295.0 8955495.0
337 1110295.0 8955495.0
37 1636956 8925161 
40 545176 8955495 
43 3999971 9284955 
44 3699971 9284955 
344 4086014.0 9284955.0
345 4086014.0 9284955.0
342 5486015.0 9284955.0
343 5486015.0 9284955.0
340 6886016.0 9284955.0
341 6886016.0 9284955.0
338 8286017.0 9284955.0
339 8286017.0 9284955.0
45 8885197 9284955 
346 8425269.0 9244629.0
347 8425269.0 9244629.0
362 9010765.0 9284955.0
363 9010765.0 9284955.0
360 10340765.0 9284955.0
361 10340765.0 9284955.0
46 8425269 9244629 
348 8425269.0 9993631.0
349 8425269.0 9993631.0
354 7986628.0 8613102.0
355 7986628.0 8613102.0
47 8465595 10576884 
350 8999976.0 10576884.0
351 8999976.0 10576884.0
352 8398554.0 10576884.0
353 8398554.0 10576884.0
48 9030362 10576884 
52 7986628 8613102 
356 7986628.0 7944258.0
357 7986628.0 7944258.0
358 7847870.0 9197171.0
359 7847870.0 9197171.0
53 7986628 7944258 
54 8255444 7944258 
58 7847870 9197171 
59 7847870 9308312 
63 10340765 9284955 
368 10340765.0 8606651.0
369 10340765.0 8606651.0
64 10437125 9576189 
364 10437125.0 9858674.0
365 10437125.0 9858674.0
366 10378448.0 9576189.0
367 10378448.0 9576189.0
65 10590027 10024009 
68 10237125 9576189 
69 10437125 9576189 
71 10340765 8606651 
72 10073460 8607137 
76 9405667 3749161 
384 9405667.0 4090977.0
385 9405667.0 4090977.0
382 9672997.0 5223648.0
383 9672997.0 5223648.0
406 9405667.0 3052085.0
407 9405667.0 3052085.0
404 9405667.0 1652084.0
405 9405667.0 1652084.0
77 9672997 5223648 
398 9672997.0 5834987.0
399 9672997.0 5834987.0
78 9787732 4855580 
386 9845099.0 4542933.0
387 9845099.0 4542933.0
396 9716576.0 4855580.0
397 9716576.0 4855580.0
79 9845099 4542933 
392 9902467.0 3857290.0
393 9902467.0 3857290.0
80 9776545 4707369 
388 10302448.0 4770272.0
389 10302448.0 4770272.0
390 9666668.0 4707369.0
391 9666668.0 4707369.0
81 10436570 4770272 
84 9526359 4707369 
85 9776545 4707369 
86 9526731 4707369 
87 9776545 4707369 
89 9902467 3416876 
92 9687732 4855580 
93 9787732 4855580 
394 8970884.0 5050197.0
395 8970884.0 5050197.0
94 8970884 5495498 
97 9672997 6638717 
400 9370528.0 6638717.0
401 9370528.0 6638717.0
98 9370528 6638717 
99 9370528 6844737 
103 9772997 6638717 
402 9754196.0 6638717.0
403 9754196.0 6638717.0
104 9672997 6638717 
106 9405667 1524925 
420 9340785.0 1524925.0
421 9340785.0 1524925.0
107 9405667 1434031 
408 10027962.0 1434031.0
409 10027962.0 1434031.0
416 9260895.0 1434031.0
417 9260895.0 1434031.0
414 8544894.0 820032.0
415 8544894.0 820032.0
108 10027962 1434031 
410 10027962.0 584364.0
411 10027962.0 584364.0
412 10390926.0 1709050.0
413 10390926.0 1709050.0
109 10027962 535380 
112 10390926 1709050 
113 10489896 1792551 
117 8544894 820032 
120 9205667 1524925 
121 9405667 1524925 
418 9036251.0 2150391.0
419 9036251.0 2150391.0
122 9036251 2637678 
125 3966767 5380663 
426 3966767.0 5405031.0
427 3966767.0 5405031.0
126 3699971 5907969 
424 3966767.0 5544498.0
425 3966767.0 5544498.0
127 3966767 5468867 
128 3699971 5907969 
422 3966767.0 5556293.0
423 3966767.0 5556293.0
129 3966767 5380663 
430 3966767.0 4998576.0
431 3966767.0 4998576.0
428 3116059.0 4449283.0
429 3116059.0 4449283.0
516 4634050.0 5380663.0
517 4634050.0 5380663.0
514 6034051.0 5380663.0
515 6034051.0 5380663.0
130 3116059 4449283 
432 2729885.0 5024381.0
433 2729885.0 5024381.0
468 3116059.0 3383679.0
469 3116059.0 3383679.0
131 1882093 5024381 
436 1882093.0 5198491.0
437 1882093.0 5198491.0
434 1882093.0 6598492.0
435 1882093.0 6598492.0
452 1678995.0 5024381.0
453 1678995.0 5024381.0
450 682790.0 4620585.0
451 682790.0 4620585.0
132 1882093 7422210 
438 2159665.0 7422210.0
439 2159665.0 7422210.0
448 1758382.0 7422210.0
449 1758382.0 7422210.0
133 2159665 7422210 
444 2713973.0 7630979.0
445 2713973.0 7630979.0
134 2159665 7042763 
440 1745187.0 7042763.0
441 1745187.0 7042763.0
442 2275925.0 7042763.0
443 2275925.0 7042763.0
135 1614256 7042763 
138 2304851 6987949 
139 2159665 7042763 
141 2713973 7630979 
142 2924340 7630979 
146 1582093 7422210 
147 1882093 7422210 
446 1218073.0 7422210.0
447 1218073.0 7422210.0
149 682790 4347772 
454 682790.0 3581075.0
455 682790.0 3581075.0
462 639090.0 4489562.0
463 639090.0 4489562.0
150 682790 3581075 
460 1582260.0 3730115.0
461 1582260.0 3730115.0
151 682790 3092000 
456 682790.0 2648901.0
457 682790.0 2648901.0
458 701213.0 3193865.0
459 701213.0 3193865.0
152 682790 2648901 
155 701213 3334174 
156 682790 3092000 
157 701213 3312980 
158 682790 3092000 
160 1582260 3966821 
163 639090 5532672 
464 639090.0 5610143.0
465 639090.0 5610143.0
466 534670.0 5532672.0
467 534670.0 5532672.0
164 639090 5610143 
165 639090 6016792 
169 520350 5451412 
170 639090 5532672 
172 3116059 2543447 
470 3116059.0 2811539.0
471 3116059.0 2811539.0
496 3116059.0 2426770.0
497 3116059.0 2426770.0
494 3116059.0 1163270.0
495 3116059.0 1163270.0
173 3259511 3295190 
472 3259511.0 3461566.0
473 3259511.0 3461566.0
488 3691032.0 3295190.0
489 3691032.0 3295190.0
486 5091033.0 3295190.0
487 5091033.0 3295190.0
174 3029059 3982613 
474 3029059.0 4413371.0
475 3029059.0 4413371.0
480 3059327.0 3970137.0
481 3059327.0 3970137.0
175 2968522 4834685 
476 2968522.0 4425297.0
477 2968522.0 4425297.0
478 2968522.0 5168448.0
479 2968522.0 5168448.0
176 2934290 4274400 
179 2968522 5477182 
182 3059327 2981904 
482 3059327.0 2927377.0
483 3059327.0 2927377.0
484 3041480.0 2981904.0
485 3041480.0 2981904.0
183 3074461 2570886 
186 2972609 3352172 
189 5261376 3295190 
490 5296472.0 2647761.0
491 5296472.0 2647761.0
492 5261376.0 3667323.0
493 5261376.0 3667323.0
190 5296472 2647761 
193 5261376 3667323 
194 5261376 3841988 
198 3116059 1163270 
498 3865827.0 1142376.0
499 3865827.0 1142376.0
508 2000551.0 1163270.0
509 2000551.0 1163270.0
199 3865827 1142376 
200 3068409 955990 
500 3068409.0 820074.0
501 3068409.0 820074.0
502 2989588.0 958889.0
503 2989588.0 958889.0
201 3068409 446789 
204 2989588 1477502 
207 4897530 1142376 
504 4994179.0 1142376.0
505 4994179.0 1142376.0
506 4819046.0 1142376.0
507 4819046.0 1142376.0
208 5271745 1142376 
211 4435036 1101487 
214 1050497 1163270 
510 894178.0 1163270.0
511 894178.0 1163270.0
512 1169125.0 1163270.0
513 1169125.0 1163270.0
215 621510 1163270 
218 1462673 1099792 
221 6456112 5380663 
550 6534616.0 5380663.0
551 6534616.0 5380663.0
222 6456112 5348727 
522 6456112.0 4912782.0
523 6456112.0 4912782.0
520 6456112.0 3512781.0
521 6456112.0 3512781.0
518 6456112.0 2112780.0
519 6456112.0 2112780.0
540 6374557.0 5348727.0
541 6374557.0 5348727.0
538 6098598.0 6472769.0
539 6098598.0 6472769.0
536 6098598.0 7872770.0
537 6098598.0 7872770.0
534 6098598.0 9272771.0
535 6098598.0 9272771.0
223 6456112 1623305 
524 7050555.0 1698594.0
525 7050555.0 1698594.0
532 6456112.0 1557512.0
533 6456112.0 1557512.0
224 7050555 1698594 
526 7050555.0 2454083.0
527 7050555.0 2454083.0
528 7259691.0 1396469.0
529 7259691.0 1396469.0
225 7050555 2519858 
228 7259691 1396469 
229 7160058 1496102 
233 6456112 1023305 
234 6456112 1623305 
530 6456112.0 1617203.0
531 6456112.0 1617203.0
236 6098598 9272771 
546 6077002.0 9788653.0
547 6077002.0 9788653.0
237 6110841 9097855 
542 6581681.0 9088502.0
543 6581681.0 9088502.0
544 5782620.0 9097855.0
545 5782620.0 9097855.0
238 6583535 9088502 
241 5544118 9107209 
244 6077002 10302877 
247 6756112 5380663 
248 6456112 5380663 
548 6828249.0 5887031.0
549 6828249.0 5887031.0
249 6828249 5887031 
552 7149728.0 5117235.0
553 7149728.0 5117235.0
570 5764463.0 5887031.0
571 5764463.0 5887031.0
250 7149728 5117235 
554 7384469.0 4157805.0
555 7384469.0 4157805.0
562 6733930.0 6012826.0
563 6733930.0 6012826.0
251 7384469 4157805 
560 8160311.0 4157805.0
561 8160311.0 4157805.0
252 7061919 4228239 
556 7061919.0 4023938.0
557 7061919.0 4023938.0
558 7045614.0 4309849.0
559 7045614.0 4309849.0
253 7070071 3640949 
256 7045614 4311934 
257 7061919 4228239 
258 7045614 4517355 
261 8413055 4071066 
264 6733930 6012826 
568 6585343.0 6427302.0
569 6585343.0 6427302.0
265 6864044 5882712 
564 7196003.0 5882712.0
565 7196003.0 5882712.0
566 6850953.0 5882712.0
567 6850953.0 5882712.0
266 7400332 5882712 
269 6764044 5882712 
270 6864044 5882712 
272 6585343 6880932 
275 4904731 5887031 
572 4904731.0 6246036.0
573 4904731.0 6246036.0
580 4898466.0 5887031.0
581 4898466.0 5887031.0
276 4904731 6575495 
574 4904731.0 6955278.0
575 4904731.0 6955278.0
576 4388973.0 6575495.0
577 4388973.0 6575495.0
277 4904731 6955278 
278 4904731 7277862 
282 4067952 6521175 
285 4804731 5887031 
286 4904731 5887031 
578 4611215.0 5233973.0
579 4611215.0 5233973.0
287 4611215 5233973 
288 4580937 5203695 
num sinknode 121
12 55
13 44
16 54
17 53
18 42
24 43
25 32
33 33
34 22
35 11
38 21
39 20
41 10
42 9
49 110
50 99
51 88
55 97
56 96
57 85
60 98
61 87
62 86
66 121
67 120
70 109
73 119
74 108
75 118
82 116
83 115
88 104
90 114
91 103
95 105
96 94
100 107
101 106
102 95
105 117
110 111
111 100
114 113
115 112
116 101
118 90
119 89
123 102
124 91
136 19
137 18
140 29
143 41
144 30
145 31
148 8
153 14
154 3
159 4
161 16
162 15
166 7
167 6
168 17
171 5
177 38
178 27
180 39
181 28
184 36
185 25
187 37
188 26
191 58
192 47
195 60
196 59
197 48
202 34
203 23
205 35
206 24
209 57
210 56
212 46
213 45
216 2
217 1
219 13
220 12
226 80
227 69
230 79
231 68
232 78
235 67
239 76
240 75
242 65
243 64
245 77
246 66
254 81
255 70
259 82
260 71
262 93
263 92
267 84
268 83
271 72
273 74
274 73
279 63
280 52
281 62
283 51
284 40
289 50
290 49
291 61
num wire 436
0 1 0
1 2 0
1 125 0
2 296 0
297 294 0
295 292 0
293 3 0
2 380 0
381 378 0
379 376 0
377 374 0
375 372 0
373 370 0
371 76 0
3 300 0
301 298 0
299 4 0
3 43 0
4 310 0
311 5 0
4 328 0
329 26 0
5 308 0
309 6 0
6 306 0
307 7 0
7 304 0
305 8 0
8 302 0
303 9 0
9 312 0
313 10 0
9 320 0
321 19 0
10 314 0
315 11 0
10 316 0
317 14 0
11 12 0
11 13 0
14 15 0
14 18 0
15 16 0
15 17 0
19 20 0
20 21 0
21 22 0
22 318 0
319 23 0
23 24 0
23 25 0
26 27 0
27 326 0
327 28 0
28 324 0
325 29 0
29 322 0
323 30 0
30 31 0
30 36 0
31 330 0
331 32 0
31 332 0
333 35 0
32 33 0
32 34 0
36 334 0
335 37 0
36 336 0
337 40 0
37 38 0
37 39 0
40 41 0
40 42 0
43 44 0
44 344 0
345 342 0
343 340 0
341 338 0
339 45 0
45 346 0
347 46 0
45 362 0
363 360 0
361 63 0
46 348 0
349 47 0
46 354 0
355 52 0
47 350 0
351 48 0
47 352 0
353 51 0
48 49 0
48 50 0
52 356 0
357 53 0
52 358 0
359 58 0
53 54 0
53 57 0
54 55 0
54 56 0
58 59 0
58 62 0
59 60 0
59 61 0
63 64 0
63 368 0
369 71 0
64 364 0
365 65 0
64 366 0
367 68 0
65 66 0
65 67 0
68 69 0
69 70 0
71 72 0
71 75 0
72 73 0
72 74 0
76 384 0
385 382 0
383 77 0
76 406 0
407 404 0
405 106 0
77 78 0
77 398 0
399 97 0
78 386 0
387 79 0
78 396 0
397 92 0
79 80 0
79 392 0
393 89 0
80 388 0
389 81 0
80 390 0
391 84 0
81 82 0
81 83 0
84 85 0
85 86 0
86 87 0
87 88 0
89 90 0
89 91 0
92 93 0
93 394 0
395 94 0
94 95 0
94 96 0
97 400 0
401 98 0
97 103 0
98 99 0
98 102 0
99 100 0
99 101 0
103 402 0
403 104 0
104 105 0
106 107 0
106 420 0
421 120 0
107 408 0
409 108 0
107 416 0
417 414 0
415 117 0
108 410 0
411 109 0
108 412 0
413 112 0
109 110 0
109 111 0
112 113 0
112 116 0
113 114 0
113 115 0
117 118 0
117 119 0
120 121 0
121 418 0
419 122 0
122 123 0
122 124 0
125 426 0
427 126 0
126 424 0
425 127 0
127 128 0
128 422 0
423 129 0
129 430 0
431 428 0
429 130 0
129 516 0
517 514 0
515 221 0
130 432 0
433 131 0
130 468 0
469 172 0
131 436 0
437 434 0
435 132 0
131 452 0
453 450 0
451 149 0
132 438 0
439 133 0
132 448 0
449 146 0
133 134 0
133 444 0
445 141 0
134 440 0
441 135 0
134 442 0
443 138 0
135 136 0
135 137 0
138 139 0
139 140 0
141 142 0
141 145 0
142 143 0
142 144 0
146 147 0
147 446 0
447 148 0
149 454 0
455 150 0
149 462 0
463 163 0
150 151 0
150 460 0
461 160 0
151 456 0
457 152 0
151 458 0
459 155 0
152 153 0
152 154 0
155 156 0
156 157 0
157 158 0
158 159 0
160 161 0
160 162 0
163 464 0
465 164 0
163 466 0
467 169 0
164 165 0
164 168 0
165 166 0
165 167 0
169 170 0
170 171 0
172 470 0
471 173 0
172 496 0
497 494 0
495 198 0
173 472 0
473 174 0
173 488 0
489 486 0
487 189 0
174 474 0
475 175 0
174 480 0
481 182 0
175 476 0
477 176 0
175 478 0
479 179 0
176 177 0
176 178 0
179 180 0
179 181 0
182 482 0
483 183 0
182 484 0
485 186 0
183 184 0
183 185 0
186 187 0
186 188 0
189 490 0
491 190 0
189 492 0
493 193 0
190 191 0
190 192 0
193 194 0
193 197 0
194 195 0
194 196 0
198 498 0
499 199 0
198 508 0
509 214 0
199 200 0
199 207 0
200 500 0
501 201 0
200 502 0
503 204 0
201 202 0
201 203 0
204 205 0
204 206 0
207 504 0
505 208 0
207 506 0
507 211 0
208 209 0
208 210 0
211 212 0
211 213 0
214 510 0
511 215 0
214 512 0
513 218 0
215 216 0
215 217 0
218 219 0
218 220 0
221 222 0
221 550 0
551 247 0
222 522 0
523 520 0
521 518 0
519 223 0
222 540 0
541 538 0
539 536 0
537 534 0
535 236 0
223 524 0
525 224 0
223 532 0
533 233 0
224 526 0
527 225 0
224 528 0
529 228 0
225 226 0
225 227 0
228 229 0
228 232 0
229 230 0
229 231 0
233 234 0
234 530 0
531 235 0
236 237 0
236 546 0
547 244 0
237 542 0
543 238 0
237 544 0
545 241 0
238 239 0
238 240 0
241 242 0
241 243 0
244 245 0
244 246 0
247 248 0
248 548 0
549 249 0
249 552 0
553 250 0
249 570 0
571 275 0
250 554 0
555 251 0
250 562 0
563 264 0
251 252 0
251 560 0
561 261 0
252 556 0
557 253 0
252 558 0
559 256 0
253 254 0
253 255 0
256 257 0
257 258 0
258 259 0
258 260 0
261 262 0
261 263 0
264 265 0
264 568 0
569 272 0
265 564 0
565 266 0
265 566 0
567 269 0
266 267 0
266 268 0
269 270 0
270 271 0
272 273 0
272 274 0
275 572 0
573 276 0
275 580 0
581 285 0
276 574 0
575 277 0
276 576 0
577 282 0
277 278 0
277 281 0
278 279 0
278 280 0
282 283 0
282 284 0
285 286 0
286 578 0
579 287 0
287 288 0
287 291 0
288 289 0
288 290 0
num buffer 290
296 297 0
296 297 0
294 295 0
294 295 0
292 293 0
292 293 0
300 301 0
300 301 0
298 299 0
298 299 0
310 311 0
310 311 0
308 309 0
308 309 0
306 307 0
306 307 0
304 305 0
304 305 0
302 303 0
302 303 0
312 313 0
312 313 0
314 315 0
314 315 0
316 317 0
316 317 0
320 321 0
320 321 0
318 319 0
318 319 0
328 329 0
328 329 0
326 327 0
326 327 0
324 325 0
324 325 0
322 323 0
322 323 0
330 331 0
330 331 0
332 333 0
332 333 0
334 335 0
334 335 0
336 337 0
336 337 0
344 345 0
344 345 0
342 343 0
342 343 0
340 341 0
340 341 0
338 339 0
338 339 0
346 347 0
346 347 0
348 349 0
348 349 0
350 351 0
350 351 0
352 353 0
352 353 0
354 355 0
354 355 0
356 357 0
356 357 0
358 359 0
358 359 0
362 363 0
362 363 0
360 361 0
360 361 0
364 365 0
364 365 0
366 367 0
366 367 0
368 369 0
368 369 0
380 381 0
380 381 0
378 379 0
378 379 0
376 377 0
376 377 0
374 375 0
374 375 0
372 373 0
372 373 0
370 371 0
370 371 0
384 385 0
384 385 0
382 383 0
382 383 0
386 387 0
386 387 0
388 389 0
388 389 0
390 391 0
390 391 0
392 393 0
392 393 0
396 397 0
396 397 0
394 395 0
394 395 0
398 399 0
398 399 0
400 401 0
400 401 0
402 403 0
402 403 0
406 407 0
406 407 0
404 405 0
404 405 0
408 409 0
408 409 0
410 411 0
410 411 0
412 413 0
412 413 0
416 417 0
416 417 0
414 415 0
414 415 0
420 421 0
420 421 0
418 419 0
418 419 0
426 427 0
426 427 0
424 425 0
424 425 0
422 423 0
422 423 0
430 431 0
430 431 0
428 429 0
428 429 0
432 433 0
432 433 0
436 437 0
436 437 0
434 435 0
434 435 0
438 439 0
438 439 0
440 441 0
440 441 0
442 443 0
442 443 0
444 445 0
444 445 0
448 449 0
448 449 0
446 447 0
446 447 0
452 453 0
452 453 0
450 451 0
450 451 0
454 455 0
454 455 0
456 457 0
456 457 0
458 459 0
458 459 0
460 461 0
460 461 0
462 463 0
462 463 0
464 465 0
464 465 0
466 467 0
466 467 0
468 469 0
468 469 0
470 471 0
470 471 0
472 473 0
472 473 0
474 475 0
474 475 0
476 477 0
476 477 0
478 479 0
478 479 0
480 481 0
480 481 0
482 483 0
482 483 0
484 485 0
484 485 0
488 489 0
488 489 0
486 487 0
486 487 0
490 491 0
490 491 0
492 493 0
492 493 0
496 497 0
496 497 0
494 495 0
494 495 0
498 499 0
498 499 0
500 501 0
500 501 0
502 503 0
502 503 0
504 505 0
504 505 0
506 507 0
506 507 0
508 509 0
508 509 0
510 511 0
510 511 0
512 513 0
512 513 0
516 517 0
516 517 0
514 515 0
514 515 0
522 523 0
522 523 0
520 521 0
520 521 0
518 519 0
518 519 0
524 525 0
524 525 0
526 527 0
526 527 0
528 529 0
528 529 0
532 533 0
532 533 0
530 531 0
530 531 0
540 541 0
540 541 0
538 539 0
538 539 0
536 537 0
536 537 0
534 535 0
534 535 0
542 543 0
542 543 0
544 545 0
544 545 0
546 547 0
546 547 0
550 551 0
550 551 0
548 549 0
548 549 0
552 553 0
552 553 0
554 555 0
554 555 0
556 557 0
556 557 0
558 559 0
558 559 0
560 561 0
560 561 0
562 563 0
562 563 0
564 565 0
564 565 0
566 567 0
566 567 0
568 569 0
568 569 0
570 571 0
570 571 0
572 573 0
572 573 0
574 575 0
574 575 0
576 577 0
576 577 0
580 581 0
580 581 0
578 579 0
578 579 0
