sourcenode 0 0
num node 13
1 2406916 2100000 
12 2406916.0 2206915.0
13 2406916.0 2206915.0
10 1300000.0 2500000.0
11 1300000.0 2500000.0
2 1300000 2500000 
5 2606916 2100000 
16 2513833.0 2100000.0
17 2513833.0 2100000.0
6 2406916 2100000 
14 3700000.0 2100000.0
15 3700000.0 2100000.0
7 3700000 2100000 
num sinknode 4
3 3
4 1
8 4
9 2
num wire 13
0 1 0
1 12 0
13 10 0
11 2 0
1 5 0
2 3 0
2 4 0
5 16 0
17 6 0
6 14 0
15 7 0
7 8 0
7 9 0
num buffer 8
12 13 0
12 13 0
10 11 0
10 11 0
16 17 0
16 17 0
14 15 0
14 15 0
